218
923 17
79830 23576 21773 28770 96907 96079 50095 60108 19498 40502 59304 82125 94717 36958 11228 18328 26021 
5446 14
48879 3353 48027 51707 86322 1793 67419 89628 77268 43246 97466 29633 52008 79108 
51 15
86536 44207 46326 41132 84968 94821 30233 1232 80425 7612 21756 29380 56863 24139 45737 
2445 10
56591 1938 40182 22942 89086 15245 87019 1767 4599 21126 
9969 16
18515 54842 37860 44029 45751 51979 68976 11610 52544 281 21780 95854 6156 72751 99075 81322 
7372 11
68412 15206 17534 1904 92163 96413 41751 94283 11820 41393 9557 
3958 11
96791 35488 24376 43277 24093 27397 92298 9205 41880 62135 36360 
1656 18
93771 35245 19251 61273 25507 88168 87475 86226 72509 24609 1053 44711 43936 37811 60616 23470 65224 97291 
2137 20
70379 37854 56949 23621 64790 4572 14704 44632 36726 75376 26245 46404 93795 56775 24477 75016 88626 23019 70737 16397 
6017 19
47062 81823 80407 27909 76518 24947 46107 23138 908 13927 76080 90235 97607 96869 90217 99079 44017 36596 99549 
4966 20
96453 8445 29952 60444 2013 57830 31906 30216 50602 3316 42135 59714 85470 40301 95349 63228 71214 40774 97987 93024 
7974 13
59320 26314 27448 26355 45484 36882 71379 76647 20571 74034 46166 46572 88310 
9462 10
68769 56908 45433 89891 59697 79665 28848 72503 15540 60482 
5047 11
25763 84951 53986 45508 70527 83867 16226 10042 20167 53552 91650 
9634 16
16027 29014 97171 54392 97701 81632 21090 68934 59885 69872 62828 79410 28571 85354 83243 83442 
9443 13
33598 2436 8112 97423 28666 1309 17774 86308 48613 29363 49790 12783 97077 
3555 20
53618 48921 93381 40894 65345 28139 33318 70362 87618 59082 95389 35932 16427 94663 15898 61331 12751 17501 84543 8387 
5412 17
62324 21940 22357 55206 64862 12705 56887 44305 8454 93178 69467 25869 16411 14233 12681 50635 46830 
1260 14
2144 58132 25041 80964 52313 41850 21423 42899 88867 18680 64855 58931 1607 34308 
7951 11
11002 37411 44720 23486 27785 16140 54747 65177 5052 18599 92362 
861 18
88458 24596 23409 50850 77320 87155 1884 17567 8887 71082 41257 30714 58188 68776 80790 30771 66169 12061 
3865 12
44454 15987 21619 56930 59457 96823 22710 90434 56899 92300 38846 73034 
8720 19
65649 86185 58186 50471 26981 12376 14161 18437 93431 74803 31736 57891 26407 39441 52368 34002 78510 36430 77010 
4246 18
79660 9858 23821 75618 21451 8708 4405 84822 32000 66005 44035 53527 42037 38259 59780 67222 81796 64689 
4362 15
75909 99703 22922 97140 5806 40241 26135 1575 36948 30834 99404 14113 94693 55026 37527 
4667 11
89879 60890 71524 10076 55608 13365 17554 90290 77300 13143 91153 
5547 12
3379 49370 50578 77720 71951 9153 79694 89992 77659 83536 5500 35887 
4731 13
47747 91175 88827 52301 68600 33798 35705 67682 24465 92894 22611 14565 99477 
3225 18
4106 29825 37916 33064 23857 25660 98940 20731 55897 96745 99259 32897 92092 2431 4166 47122 61157 36943 
4405 12
37134 35607 51919 89527 54478 72070 18280 70897 17185 68265 15673 21589 
5946 11
69879 85374 17066 97722 178 39643 29418 17167 10209 21924 38140 
3884 11
48650 12359 67465 48563 79821 16854 29028 63567 13120 33648 35026 
2993 16
38841 16873 20003 18629 34619 38961 8948 41892 91384 1702 71165 94765 12777 73177 87763 56009 
4184 18
36475 1551 82837 15792 11567 45924 58215 47980 47461 44194 79843 58960 90703 34220 80079 93881 90795 32639 
8418 16
68833 76548 17267 25789 28388 8082 1664 25479 38645 8393 66233 45466 68812 84299 72681 66298 
2012 18
69308 73707 3297 36994 39479 54342 36318 98661 16934 73702 50637 86188 69135 68226 84767 14364 46941 69667 
3100 12
10106 94500 21658 5805 37987 25071 13218 34613 24447 89109 87994 39681 
9423 13
36085 22882 45286 49658 90895 87100 54992 5340 29518 73513 36838 23440 12736 
6363 20
83906 18083 43490 81018 91025 30224 11052 89072 267 1500 18645 92216 42028 60102 67434 56353 40034 55484 61037 41157 
8986 19
90167 92757 59629 23972 11797 97519 62655 50985 91394 38586 1369 43322 16560 78581 35959 33206 72965 28685 31174 
5009 19
41038 68079 64435 72454 16985 15 27183 34772 37596 80430 17739 13338 63181 66666 42843 51575 11343 38097 46546 
9731 16
6027 95941 41482 96385 15486 26745 12151 48712 28159 31502 4075 51663 86132 26926 1554 74264 
9117 12
27449 51457 27269 10377 18594 82013 40811 6519 95321 77923 48656 72498 
5739 15
35065 38687 76042 60333 73878 2952 74719 78513 22393 94962 22633 79845 47954 69254 96004 
1200 19
4632 29520 83839 81646 36681 98148 80901 78802 55893 67973 7003 54466 8725 69592 91493 10407 61912 64354 16868 
4282 14
48647 24119 2826 7753 73848 92529 28368 44260 25863 64616 84431 70708 27680 64745 
2159 14
95876 5075 42551 7283 11073 73915 5738 37790 3137 26220 99497 4601 47592 20067 
9121 14
3819 1629 73610 96643 21867 29530 33357 47310 81722 68074 54691 62026 72617 16144 
2087 12
82331 20164 36380 48039 39188 84909 27004 27175 14884 16647 31605 34161 
7494 12
623 10857 41288 10663 79302 90878 36353 70468 51017 76735 4463 85508 
5989 20
57364 68220 46964 69041 29280 71362 1030 40063 97000 24230 99033 12405 44621 94712 39514 80697 3142 9030 62547 35174 
9287 16
49380 8214 34536 9253 57464 24056 54655 64167 37741 96792 16559 19812 4032 78485 95003 96096 
1989 13
61260 79182 39893 85142 89037 24761 80644 60870 97175 51836 64154 53033 70849 
2131 19
39127 40821 96117 58267 57250 32293 28303 63610 30118 96149 83882 5323 4950 49793 98680 60033 35568 99241 70660 
2377 16
19121 81846 81930 43077 66163 42153 39997 44809 48680 75464 91773 63660 44108 92809 60494 11402 
6747 15
14417 66886 8712 3070 70248 97906 37196 82345 73079 2248 95303 95193 8920 89770 27440 
6965 19
47221 34661 23090 60090 58088 38698 32742 56222 14819 47653 46549 88753 83632 17449 78673 90661 45995 16622 72981 
5527 10
49504 98028 43895 95721 17161 23624 3336 59760 97159 23139 
5325 13
80053 54604 7264 22994 73755 49679 68734 57732 87070 69814 12212 49595 84566 
66 15
77667 54391 61868 56934 49758 55593 70205 69045 72416 15998 22348 83824 11335 13197 26607 
7096 13
14081 74848 51471 3912 7263 56709 98137 59961 70558 21657 37822 74167 11788 
9381 19
42290 99260 46229 99052 9035 51330 50239 49642 78096 56841 28095 35682 80734 51450 77861 82243 25737 80685 12474 
9372 11
69810 64720 68115 42272 16754 64450 67026 12755 41432 60590 28383 
2023 19
44072 19183 89505 14117 10811 4709 71120 68558 25754 68773 65288 65821 32472 29948 80121 3966 64230 17888 16809 
6787 15
82924 36894 44132 42098 46980 1430 724 10664 72288 52415 15375 92747 22051 57263 79100 
2542 14
1681 94377 33864 10328 38489 36827 1240 73401 37796 36220 7706 95297 28379 10824 
2410 16
99672 36805 10856 93585 6815 19526 68043 86237 24591 83751 36150 95614 24775 61567 3789 96208 
7400 15
13517 7689 34825 8590 69153 89982 55175 69903 63989 57596 61739 78907 81389 29435 17790 
8213 10
36249 71608 293 11223 64817 23557 41244 26849 69127 81148 
7258 16
13832 49014 66786 79746 58199 73383 53365 66192 77350 83588 79404 9938 80630 33015 60285 51793 
9219 13
54916 49319 48074 91964 30227 9722 12418 28651 55176 25203 25327 65071 65203 
4498 17
7132 64072 93709 55528 68430 39968 68350 54017 55725 61790 69116 94147 49324 9013 56630 97018 29571 
2489 15
11718 79450 23176 84758 28169 22278 51934 29276 92478 55312 70632 26279 7327 2456 95659 
3238 10
66840 29526 27737 35781 26309 33250 34742 43758 23275 63831 
9272 14
11857 49338 51475 94390 76196 78047 42807 72117 44109 44334 88799 42652 38093 50968 
7142 16
14558 43691 35387 19387 69766 72642 5224 61807 1585 27558 67052 76010 51013 98014 31774 1536 
1362 12
99195 16381 59183 50782 33033 9594 73931 230 29277 18281 6294 67810 
8927 9
95160 68159 10032 88313 25615 94812 33460 74755 54439 
473 10
62698 29416 27522 29772 58127 88441 60306 95661 55727 97594 
8084 19
17682 33042 50996 57512 26078 83573 14450 33742 95404 75257 95482 79479 52687 95885 81433 64680 38695 73681 58652 
4934 11
2202 68410 51530 8497 2044 9905 70242 60522 61863 97024 97253 
3845 11
64990 70331 70303 31962 12821 20060 55489 31529 81468 62432 2145 
191 12
51104 68432 9025 20994 18918 81370 65917 13430 6969 96170 90844 29405 
126 13
26235 52847 80486 80097 89595 60367 66217 25398 82184 78172 81361 28788 60661 
637 17
31175 33750 57881 63248 53337 69260 62392 40066 86656 55018 76310 36630 85689 27172 81280 47643 76965 
5965 15
84532 62248 36685 38995 66496 70267 99157 6141 10818 31199 10073 29865 90439 45969 35131 
1149 16
22312 65284 75421 23864 75220 65682 5011 28969 53444 96507 46384 50084 81661 41026 69418 95606 
2548 19
32726 86711 57484 28728 32195 13294 33891 47803 86674 55805 45656 74100 75343 94111 84796 4499 79523 27691 52917 
9171 17
80391 61416 54517 20414 92735 70695 69977 87964 83061 58723 8974 78933 5600 12635 79651 43039 13936 
2549 15
55236 96142 80346 4269 71209 41039 6829 15829 57168 39527 71628 18911 99307 80517 53429 
4479 11
4254 4310 68468 74966 26365 9484 84336 34338 27815 12242 45790 
9836 20
15151 78858 64956 79991 86374 32683 72558 92220 84746 85288 54368 65991 46523 10156 37094 34747 49563 32046 63244 93608 
8521 19
64176 83416 49863 86004 5922 3523 9525 52981 14317 66555 55003 92700 98065 53094 45102 75115 6293 94592 72412 
9786 10
24764 12193 32062 50059 85499 35432 63265 54031 25449 86123 
2640 9
43158 64665 9111 48514 98431 37323 40635 81426 12632 
2466 12
13701 59639 35727 19116 88048 93459 2613 41722 76078 47254 67175 91345 
6151 17
15387 85727 8242 73599 34517 22183 20650 96644 52512 48503 1861 90994 19356 13655 26807 95462 37212 
4882 14
58625 58618 69416 36837 14301 92506 22307 46134 26990 93515 59199 63725 78564 3074 
5504 14
50743 34599 63249 37807 5663 49241 26971 80257 34855 45633 92617 61239 88922 62076 
5929 18
15347 43646 1451 2572 88931 89401 72799 96048 67145 85490 94809 56154 52099 57092 13998 96460 334 877 
5941 15
20646 85311 7996 96649 25014 71829 86692 79241 8370 93933 79925 54837 23183 59284 58082 
4921 15
12409 15197 68273 35437 5410 60328 67308 11288 88129 30649 47298 78077 60828 39407 49225 
5062 9
58918 47053 19182 23941 19534 66731 15438 71260 54585 
6899 13
95073 51050 94621 10095 83721 85338 7382 66671 56318 85529 14246 36977 66595 
4600 9
37460 62439 22180 3579 69772 44640 70670 42989 36120 
6876 17
84781 540 11357 4468 20933 68459 91567 96704 8961 98667 87353 69718 86327 38198 16926 44480 5837 
4525 19
15794 71646 97188 97385 54954 68087 3839 58456 77266 72717 56256 55013 26862 49644 49413 21555 66964 13579 58145 
559 13
7190 36910 70353 45994 87584 3448 50412 84609 9269 19849 56575 5788 47217 
5424 14
86821 58046 42200 86577 49064 18223 81383 73218 94041 29789 64329 23161 19173 43517 
9427 11
22251 39043 23862 33967 82774 4738 49089 46960 51176 49599 27912 
3308 16
57059 11528 1060 40602 26266 69603 35328 85613 33063 25668 70877 52963 39250 89088 67861 40797 
4592 16
22756 11984 50130 2737 67041 94241 7033 56565 66520 32609 62166 73461 71248 22769 99838 128 
160 16
91727 71889 18127 95331 90695 3242 77017 27664 8044 11618 97339 51145 48510 41226 12217 25390 
5584 10
64606 18627 30933 61506 20196 88657 85926 26519 29637 52602 
1868 13
26663 11514 31924 62025 61130 16181 68996 57376 50201 96293 57160 23550 7898 
2942 15
98932 81564 73004 90045 69898 19722 39100 23015 82493 25245 86813 6497 62440 54930 5417 
5583 18
63516 53929 79473 4516 68806 34270 59162 90531 82006 8187 56583 7432 44755 45946 31047 26392 34931 21855 
2565 14
67723 13699 60170 1357 31243 98444 90677 53394 60023 92265 98761 1581 45078 77450 
5395 13
2381 88841 83636 14443 14431 64446 83314 84003 29861 91867 55325 30319 25769 
1620 18
98497 34545 16296 94773 20685 13776 50553 96729 30039 90675 60479 93662 47212 48852 67094 99336 24697 93659 
6559 14
99683 85010 20328 59253 77860 69005 79197 63406 79134 16951 42056 32993 43420 60536 
2604 13
22864 81092 45615 56982 10504 54386 31014 43992 30991 91507 29519 59535 98105 
6929 10
37857 1246 41736 74880 48522 51237 91054 27730 33361 59689 
5135 13
75852 27385 46599 54395 68961 61374 30807 93655 4271 57108 88404 27111 24597 
3342 11
72979 65979 39507 52081 84123 4931 49654 44990 9122 9498 96178 
4075 20
14808 33636 90221 51310 90233 5522 64273 65393 96286 69318 1446 81315 66472 64224 91624 2127 1201 88656 40101 99956 
2016 13
64077 73219 69109 4701 27745 86610 40921 77048 34143 88956 73260 8299 27457 
2952 10
38442 76628 11426 63082 68199 767 18418 2487 97393 3038 
3282 18
69785 31272 46258 37385 66421 29704 66052 53939 609 51444 98038 78360 86368 99806 82144 11258 88090 83116 
5263 17
73291 34601 15260 64389 38744 35600 83457 36344 21385 805 41725 37405 63602 32725 78398 27573 90365 
3283 17
5569 63999 65968 13761 56478 49694 9935 88677 54143 6258 93198 56681 32933 45341 68530 91738 88663 
8975 15
73332 92961 76019 63980 43384 76905 2706 35642 76395 84051 69346 82501 88997 39516 51053 
579 10
49017 66917 71023 75165 45252 42065 62224 40520 12219 67171 
7380 20
49526 86398 35840 90981 91080 86337 77412 87971 28082 82460 93267 2230 12342 38921 64757 31465 37914 60172 60646 20947 
4140 11
30868 88449 36041 427 95396 35390 67900 69777 87720 88837 56996 
5607 17
87884 13976 52916 40859 1577 47916 93808 59715 1237 35592 99744 66512 1411 49891 2953 25977 86135 
3897 10
95176 69117 28729 72566 54849 47318 91672 59191 82385 62045 
8237 17
75314 85052 88331 83759 92923 21154 89477 57359 1524 75656 61918 80173 21971 25620 14392 57990 96933 
6088 17
13575 38349 76144 30269 37459 22244 41914 82908 50513 98568 29522 40548 77243 43859 63729 36576 15838 
2078 15
97947 41282 56051 12104 12401 17126 50746 89356 67010 13198 31016 42391 74693 52432 56476 
317 10
87192 14071 82751 5507 50601 91989 35908 75006 47106 62775 
3670 15
46239 63076 31194 95329 18286 98103 74496 16434 89428 74261 6842 8655 78106 99673 49289 
5891 11
48017 25350 2756 89445 36973 26637 33983 45755 61238 9692 18676 
2127 17
82650 101 58409 24264 32759 76325 26695 53221 61867 29851 64279 99788 37197 56781 93557 51072 15442 
8514 11
90219 40742 453 38866 78792 56760 2672 96273 52139 87218 2008 
4559 19
68168 68591 86546 57514 29787 36860 6674 15893 34123 69713 55647 18603 20583 20961 48582 12540 28288 17856 56940 
8392 14
69215 80643 41824 29951 42060 20066 99981 28228 96946 32513 95714 96203 2231 36885 
3850 14
86590 93228 77695 58809 85847 10643 43939 79790 53800 52595 29979 87102 96631 50569 
334 17
45249 50838 23753 1086 63679 33402 30883 81308 30396 55241 36823 39817 13533 35849 86240 78788 38520 
6129 11
76567 10774 18743 21030 92605 85677 14224 43174 88971 65399 60913 
7287 18
31985 75752 35972 9724 70999 91452 56179 31373 51665 12943 47716 53773 35538 67875 18785 73935 41289 84244 
8016 14
54978 38343 44300 24510 52708 60319 6215 6537 19324 3835 29307 51612 36586 95991 
6962 17
73687 60181 53857 57734 92861 91440 32155 85590 97234 8648 6589 95134 83260 29793 698 81034 4855 
682 16
6927 88473 45690 47847 32681 57490 93357 90207 68424 33000 75338 67458 3557 84194 97980 44613 
2509 10
14228 44888 15991 42915 2006 72907 17423 63796 16645 99990 
3525 17
60690 22992 53202 39839 33222 88124 26248 28338 90138 9648 72796 5122 89782 97816 80204 11729 99793 
3733 15
44857 57697 88951 14381 49940 35242 48564 40989 95512 4937 4004 92589 100 30747 5274 
904 17
1135 16486 26397 97527 64466 31208 62617 53568 86297 37057 44808 71323 90569 7538 24713 96928 28012 
5336 16
52404 87135 44464 65241 83420 60234 7114 83285 99743 85711 96395 27070 61010 61570 97919 49311 
4789 11
89058 84172 51438 6202 20515 69690 60932 85400 76690 22053 26379 
2751 19
77763 78785 56546 64018 8216 89382 41195 75564 47387 30553 57073 8193 14078 14360 17685 68699 8336 23706 25176 
8733 14
64792 58906 84802 98795 34192 99200 58344 60995 83011 81411 12191 52203 45210 98109 
200 18
89919 26167 90809 66573 4363 31708 30350 97659 58943 15101 57090 78464 64627 95173 29706 31027 26181 60053 
4051 16
80213 29030 33682 40497 1372 62246 65163 53869 98700 80069 68216 5515 8125 9620 17333 35248 
1931 11
39515 60866 28675 38407 92343 83027 2576 28942 41900 79421 44803 
8564 11
81183 74066 23524 39462 37621 4587 31463 55200 63864 70990 6976 
5524 20
48189 83834 27795 51040 35460 55998 77257 44437 1160 47806 62685 7213 93740 57821 16670 30022 87711 72562 57790 7378 
6722 14
42080 69262 49445 24305 80398 46207 6310 30587 19906 96138 53849 21957 80569 14068 
64 12
11463 13012 60687 24964 96345 76638 60409 49651 67599 25621 63368 71728 
3583 17
53798 90911 68581 4863 47975 88876 3620 70855 70646 75039 4142 10296 84632 25809 26736 66245 51240 
1401 19
21662 36831 18325 32087 99567 40839 88283 25313 59882 89744 35776 650 63603 33765 4430 85309 63672 77727 41249 
5881 10
29196 46731 44575 22099 7243 38748 37564 85665 95567 66780 
2540 13
89034 31212 4729 39125 84851 73872 94656 65705 55414 41233 7864 91855 37287 
7097 11
14465 15527 41829 78560 32852 35517 61854 44306 39445 34764 16175 
308 17
11348 45579 30722 92378 48910 14079 9322 4397 21203 86982 68780 19101 91015 6814 14036 17160 61628 
235 12
13220 50878 75999 26904 99459 88348 21038 67130 12165 38953 80595 65953 
2637 14
26204 95185 72860 99219 87428 15906 19810 33980 63363 85302 69249 93227 90912 56236 
2612 15
9181 21394 70624 10420 82319 55335 68351 70700 16161 28253 33617 26804 21332 86800 34056 
9596 16
68283 28257 92897 36022 46877 70628 62020 82845 350 83745 36722 52255 24317 6407 58817 83441 
8983 18
60477 95648 46498 75827 35583 3441 96859 57420 26723 12451 340 41029 48673 91117 79176 56183 45432 94589 
3020 12
67331 75520 5008 54599 10221 36051 93826 7029 20009 22617 23320 10682 
1810 13
52268 22218 56448 81630 49608 22474 58584 6894 46217 17883 27382 59488 50161 
3242 18
10565 12776 80451 47304 93305 10737 58206 31610 65920 11275 85589 16371 96490 37543 12886 65453 84512 4355 
2859 12
86314 52467 34096 7265 9120 38468 81311 81920 15803 79907 68661 45111 
867 19
71108 19868 69177 63776 30583 30198 4404 89569 58967 5990 46427 29362 81642 27374 96472 32775 60675 49251 96098 
9149 16
32620 10985 96588 67873 26325 37557 69311 9349 2335 36627 91243 73783 6371 13653 57954 54782 
8140 18
59477 72171 7151 97813 21206 35939 56545 1405 9196 47339 13748 15378 92165 20689 53896 32556 70984 99765 
2321 13
90230 72333 21283 64638 41738 67825 86831 25381 30432 13448 34064 42735 17994 
3921 16
46074 76490 43430 45079 1420 43480 61771 15053 14659 63852 89556 89729 54401 86890 85820 74507 
5948 12
80915 42117 4378 62993 57115 37934 28857 21026 84791 50950 94212 73319 
1602 17
2106 87254 5143 76023 2607 56743 51860 27394 81360 54635 17549 16624 97744 29549 68467 22399 70015 
7374 11
70232 48047 10934 2415 6900 78046 64289 57807 14252 19773 73362 
1862 20
64931 79943 84894 63853 87836 30658 82779 91053 23202 96620 87810 94411 28128 8407 59677 79774 55557 16910 95796 21546 
400 13
40822 45706 61144 31075 78204 73180 14683 81748 35436 57054 50989 87873 10808 
5966 15
49097 54755 19845 83074 13419 31161 68638 84774 24337 37855 87237 52220 27856 71086 32717 
4108 19
42617 47701 94932 85729 53821 18819 97621 89620 18833 92754 37044 34773 1092 3451 57297 39473 13892 65265 91568 
4905 10
41379 42684 92519 2151 61212 63689 7324 62829 64552 41084 
1531 14
53855 14811 24471 154 57991 61529 92305 61164 54470 60630 84402 85106 25076 57510 
538 17
63150 77541 12738 4705 96949 61716 99933 9441 42996 43561 67685 90894 79496 17589 49837 98879 38088 
1566 11
60629 7156 18434 3192 76794 72457 54281 98251 34202 49603 32216 
2084 16
53988 94906 87210 88266 71806 50287 84135 69185 25025 73761 39379 49855 9360 4702 21100 27528 
1388 18
97741 84705 84905 19326 55093 67853 76146 89161 97709 72492 21660 95837 64 58768 53769 18796 44309 25434 
9375 15
42070 57084 92436 85015 83007 38018 1362 468 94163 60910 8006 89831 55240 23214 49890 
3088 11
26824 51181 26650 3541 1635 60300 27212 19878 75199 3009 40257 
4432 10
79930 26538 66211 52831 859 12927 99618 15801 14820 62446 
7329 14
6974 33372 40915 10995 67948 44482 49621 54767 12897 22373 4662 7340 77390 65062 
4836 13
73557 21989 17933 39400 54472 15298 72803 35219 38026 52640 47155 17574 42800 
7275 13
94394 89126 91781 39970 14632 4964 15305 17372 75609 17523 65266 33818 3332 
9646 13
56826 49293 39686 47241 59901 26429 74995 4089 57619 10796 40125 37445 96308 
5937 15
41101 23797 85166 76328 4132 58419 88152 30586 97090 68751 47968 59753 30232 32976 34860 
8469 12
44776 90160 39953 8638 78166 88438 24901 37793 75818 13441 22699 33410 
2901 17
21422 6452 19814 20707 25691 32616 55482 94766 67673 12040 88634 58807 13741 32970 85111 71126 55760 
757 15
89299 32956 80165 70386 61938 84610 80031 30516 85117 6899 3877 66258 81960 46077 46677 
6263 19
29130 55483 87009 6859 94082 28689 63022 78035 17914 6514 65865 60147 55536 79926 55235 80246 84977 51412 37903 
7625 16
39690 98958 47819 32089 57240 18098 74305 34769 99362 523 26625 14042 77960 55714 36828 34218 
801 18
17199 43624 87931 68338 47269 51401 13607 41727 66222 40528 34606 13931 78068 62007 96886 19828 92967 71405 
1198 13
35750 18816 33137 90890 65957 15626 36346 57716 9513 774 90384 18139 90608 
4890 18
15374 26077 55383 12098 83652 14375 28205 57383 61344 97965 14179 18904 44725 4246 35177 9300 1429 99647 
