224
2476 11
77657 35065 57155 70871 87780 14124 6274 82142 94451 3544 69462 
4973 16
34759 46803 66349 65988 77469 63538 91514 68543 80425 40476 5097 90326 57249 31258 48542 98546 
5587 16
92839 25920 35890 81767 22256 13119 54999 97300 43357 44208 1939 66860 39572 16234 9336 68192 
326 17
15206 52953 26029 57124 47222 98211 22790 11266 70656 69809 36207 55091 33070 16771 10029 58766 18256 
1060 12
36164 5337 99584 53308 88914 21242 42360 98981 23450 97574 61996 6875 
1735 11
43115 80526 63507 70285 96789 56016 14248 71823 96598 81059 49849 
832 19
86392 29746 98497 26078 76482 42719 89198 3870 4567 54441 4118 53142 17213 12923 1489 44419 85275 75680 29059 
6640 10
53977 66266 94105 53923 10242 42620 8464 48383 10578 5291 
7077 19
36277 92308 28235 46253 77640 42623 35987 14866 2697 27858 44996 48048 82709 66046 69374 56499 68936 60366 38395 
5078 18
70389 27475 54200 61270 2485 51291 77101 90601 37791 44731 96943 3095 39408 43560 50989 36515 80054 24035 
5129 17
54123 74355 80330 77840 75384 71713 86172 41350 45247 64155 36630 58506 28621 10064 6865 65418 17302 
6789 12
25465 24548 17898 230 33459 90492 96203 480 67030 13829 31170 2513 
419 15
50235 1346 60744 38240 99886 82453 18565 83146 17054 65285 4736 38525 79506 36273 49040 
1373 19
31404 18763 35685 41060 74489 83590 43493 60932 53709 44301 85717 54436 40442 25918 65244 89229 37280 68101 18782 
4238 18
52583 85607 72704 93585 73384 44583 3505 65388 6936 43477 54146 48234 22680 47245 859 12679 62206 8804 
5503 18
95677 24958 86943 55199 40308 18873 13043 39743 4506 56070 17089 23775 64130 84016 75005 39006 2403 17310 
7159 18
78410 34573 84649 92431 89347 1623 72887 39578 7829 53138 130 79578 18427 99647 66644 38087 4463 84160 
3331 11
69768 65361 96228 47058 33693 10894 82845 37966 34050 87848 54908 
2791 13
45527 3902 94423 9113 59542 90458 35754 237 74206 79406 17202 19717 17394 
4904 14
92838 75519 94890 14773 2168 85045 64382 69419 65873 24191 14852 9774 19910 39931 
9764 13
46100 9175 80927 20494 83885 14881 4042 75237 16660 24801 27849 70257 4855 
6277 16
20523 79942 96051 7871 74588 78484 24975 22942 96071 14576 67239 19770 31178 80304 36900 38283 
1134 19
97847 75431 54712 98064 23881 74091 20869 56435 73491 56195 4977 64372 30164 23150 92712 99114 86112 98053 58042 
28 16
78067 90587 89282 31037 97303 6372 73030 15591 60398 3516 4431 93781 8020 4816 95507 85083 
703 17
86055 73064 49338 23091 66951 89033 56745 36614 70286 79756 49317 45427 10282 39014 97238 73048 75982 
3568 16
57089 38570 66803 1417 31134 3120 9324 34112 37582 5430 88971 38169 20511 15600 40438 99956 
7161 17
65723 84849 23843 50721 2887 90540 73416 88725 60764 46283 52823 18398 67641 61305 64254 93310 27453 
1072 13
52923 94461 31786 72829 88514 92127 81827 72042 17306 84750 56560 3571 4622 
4939 17
85068 74568 74060 2372 39981 98477 91079 6418 61895 93448 53736 82525 19802 87961 91758 2901 64200 
6901 12
23540 52175 81888 76904 83561 90585 84790 58451 51772 19472 65549 22094 
2365 11
88611 90331 86580 11106 92877 711 97762 58568 59144 65862 82901 
1153 14
59464 82662 42004 41428 65363 57087 85871 49148 66178 18562 42988 17195 66455 68793 
6927 18
20955 99067 39153 7163 97377 67157 81958 93604 62601 28473 69966 81314 59811 32480 35699 84406 1595 45410 
9182 19
58359 90879 44973 30453 93808 70878 31401 74689 85098 37440 70696 53019 95891 83200 90723 69375 22630 52385 58196 
669 15
5489 22820 88598 60768 24324 23691 56166 7125 80508 32691 7292 11092 44792 56834 44373 
1995 15
37517 84613 24716 44542 35064 99766 2420 40429 15399 46534 49119 49593 1707 40432 17107 
16 18
45060 59477 46573 65538 46212 12081 31044 14484 40720 66289 69365 78933 45051 80933 21273 86246 79317 19163 
3515 18
8307 11158 47627 78452 60870 23401 249 82949 15073 84767 55555 18482 8583 7204 22484 50864 32424 24663 
9325 10
64586 40380 27150 79824 83968 76288 71920 48925 59020 57864 
3731 20
11752 93284 52515 95452 42765 28301 37336 75648 53788 70974 75582 52799 59457 62527 94814 36417 14429 45520 87672 28041 
3184 10
19485 35059 8391 86277 87828 91928 89951 55368 12295 51191 
1175 14
27734 67140 63127 68069 85746 1884 4104 89601 63331 95435 96909 12405 25017 20888 
7579 10
38358 15040 4869 94876 28899 20713 13707 94363 90586 14658 
2821 17
87917 71549 93992 64223 95650 79315 95604 10530 17754 38332 83588 77311 32958 5331 3651 38519 88427 
1877 10
10327 10917 20303 62894 88428 24371 99188 27851 83220 24805 
6825 19
76639 9933 40844 63514 3636 53626 35545 23215 44461 51715 79583 99468 58604 24913 30647 82064 42191 28246 82652 
2900 12
63775 64218 51805 28661 71673 15207 47321 5624 8159 314 21725 42158 
7626 11
64978 91478 34782 10479 34652 88033 29804 31130 86833 84952 78800 
4848 14
10630 73125 704 94114 30666 75041 91339 76879 59486 2186 46131 39886 87548 14458 
5828 19
31959 92313 83035 82543 38708 26996 26011 99593 32761 19665 96799 8329 81474 3214 74067 6750 86146 71257 93889 
3693 14
74180 90278 2621 30050 9515 29942 93130 9461 18420 26675 11202 8475 80997 50038 
5219 16
22188 22397 30980 48243 90846 11650 65749 94762 15058 27426 2318 89641 4727 50308 86054 68110 
6065 13
88845 81438 93146 28416 15583 72186 863 22293 19478 51498 12812 10920 19210 
1532 19
71525 72070 63063 90291 22961 75325 30511 29485 65250 27115 48945 34062 24802 38435 28586 26652 52650 61824 95959 
1751 20
76085 10173 5504 85976 530 77078 38477 3221 82455 18610 25177 13126 75106 1225 98930 45212 59370 23485 54011 51072 
2870 12
18010 19484 59667 14286 56488 1729 39970 79208 76625 86167 67332 5573 
7981 19
84859 39742 74877 2967 18246 51028 65120 46206 43860 30224 86789 21958 33390 74362 46365 40741 57950 75518 17821 
4512 15
88817 55020 45697 32697 91892 46335 93535 27964 89136 65288 39418 27143 97085 86230 83392 
471 15
59975 40127 57455 71246 1825 50023 28808 42143 60092 67411 93191 61062 92047 36918 30033 
2126 19
91307 15433 24695 2994 83515 37437 39045 39158 5152 33272 46775 80042 18221 79908 75921 92653 6266 16653 14772 
7259 16
28997 72463 70983 5724 14752 76191 32807 65832 25195 44513 28395 76989 40686 14943 40291 28376 
502 15
61131 63241 9270 72213 51243 1875 35952 652 5640 23199 89758 32577 85597 36532 35353 
5180 17
15199 69692 95804 56889 9503 93473 69385 27485 11596 7360 98772 20731 97355 66997 23416 24554 11516 
5715 16
29735 4767 6638 57556 23541 52581 57064 26569 71415 70187 96046 48237 49033 64745 67166 84596 
8105 12
88605 20282 28256 31253 92566 98443 9998 85255 97583 21346 55051 9769 
5304 17
44386 60894 18112 94101 2187 61861 1640 58528 9574 37591 58849 82024 94930 13313 47103 5938 8012 
1982 15
91896 78579 25876 81338 29932 84818 87622 12602 361 96759 31774 52438 32294 94342 16936 
7210 17
49485 75059 40898 77323 70694 26259 87597 70431 51826 42981 25961 37642 57706 31367 4007 71102 21546 
1002 17
64128 51557 43863 53213 49726 80553 79194 45978 38278 38792 19564 61038 9968 27661 28160 29363 75761 
8493 19
17796 46929 67179 23222 52495 64870 51494 33816 98137 28829 38151 11529 46814 39706 58613 82670 49013 19203 95865 
5994 11
92442 66168 93229 1488 85291 59227 78748 91519 2344 74630 74163 
4692 10
73086 82065 94976 55004 99451 98615 95390 94045 23617 63598 
7308 16
10896 21713 75913 48460 67249 11678 56598 78871 24598 24479 38808 97823 29482 31752 54440 40867 
3290 17
23482 9508 90740 18661 76 33484 84907 81172 43961 93512 17413 10959 14447 28385 91742 3676 79759 
4814 15
36661 27018 92055 21883 38998 30903 86414 87733 92109 99023 49378 94933 34570 3607 93459 
9981 12
45675 85950 11285 50667 98998 87829 57431 77470 50305 25940 33265 56954 
1729 12
17113 96690 95331 68978 35250 5156 82914 49870 35581 85302 36402 40767 
4258 20
28036 32162 79099 23455 76642 37481 78470 25755 36295 80478 99049 14581 78634 10122 92565 72057 24813 72443 73682 64174 
7702 20
44431 44954 69145 29319 42188 22798 10293 23592 68778 77442 95141 8305 84473 89217 57316 45200 81986 9761 5790 129 
5040 20
64955 17007 34115 3998 79081 50427 39540 9582 9093 49205 447 34725 87286 51 79933 32871 50896 88464 19369 21936 
430 14
72872 17502 86094 69226 72002 1292 7765 17780 90388 54106 35640 58333 33893 6843 
6185 18
43886 10957 64503 26521 88182 94908 13777 85140 39140 75533 1550 81670 50605 47875 53631 4259 92901 49168 
3302 13
2192 26573 74685 365 92011 76918 34820 94481 94127 28878 69618 49176 68546 
3152 12
98260 48423 10018 22019 41727 15826 50598 10849 5805 1180 44714 84410 
5106 20
18245 90346 72650 43592 35103 6665 5631 10548 48571 34319 98132 76971 26454 60635 98228 33188 89153 35704 50004 92857 
3128 14
25896 81527 67020 40186 96054 45531 36617 45471 50377 60198 67480 66658 88021 20388 
476 15
14863 92334 12333 98489 43926 43247 27040 77948 12287 49959 84624 44165 49212 77960 14402 
3296 17
49803 41984 4476 63118 47250 94627 38018 76317 82968 45884 18810 58498 59626 47824 77678 19131 50774 
6914 11
14105 84585 20591 81826 40965 10402 60642 32748 78190 81666 39304 
9060 18
17460 91847 85768 78524 75184 15588 58438 32288 49125 82115 73534 30539 2832 39421 28418 47744 3631 21954 
7108 15
54978 90784 99096 5157 7068 68338 52131 74552 6588 84838 48577 33285 12876 31126 17639 
9462 10
68769 56908 45433 89891 59697 79665 28848 72503 15540 60482 
5551 19
2017 82686 16393 42531 49872 40140 2528 46752 53504 96884 2612 12935 42489 29773 99068 69726 35382 61909 30948 
8849 13
62967 99175 19806 97528 66520 36545 88498 5223 73029 78663 42341 43003 74292 
6568 15
56609 15778 62870 15107 82393 76297 67360 48044 47901 77119 24258 73865 97611 53979 40682 
8781 15
71722 86169 19711 37879 83808 81588 17443 909 12847 951 67046 35692 35286 8664 41484 
710 18
16156 96023 23589 41439 84620 73247 37706 8472 91857 31415 964 9437 6486 32347 36167 93989 42805 9638 
7531 16
49387 92170 89473 25115 24498 74904 90760 11053 77543 41828 75502 53937 45988 57427 53739 27711 
6342 19
92024 40639 83420 56610 14438 78035 17891 21926 72245 32670 7859 54197 66637 69395 9810 92418 82294 55491 15146 
1811 15
10342 60515 61424 53970 13008 62842 42856 61742 6139 98362 80620 28842 35294 29123 94945 
5911 13
69412 19934 21986 60311 75815 22891 29516 47660 77508 66238 51980 29234 84576 
3365 10
72861 32426 63527 47270 57291 66021 23842 81015 23426 64645 
8727 18
27508 26077 84050 14292 78207 16316 16388 84266 22394 85539 90270 76113 19231 95019 37728 46623 46263 29925 
5744 15
60069 87268 54519 48557 23223 10014 99853 11571 44476 77814 50359 98083 41141 9813 73705 
241 11
38875 76148 31992 82814 97744 96547 62087 16760 1751 21992 56842 
6061 15
95000 4768 17518 69265 55827 44267 21807 86672 33906 28740 97024 41029 30424 61450 58716 
7704 10
36274 69664 72812 73870 95383 87681 10005 76504 58301 57170 
9463 13
43157 30440 69491 12448 71472 42681 77451 21219 20179 33674 29093 5247 4551 
8812 12
86215 46013 48131 72428 75311 67692 14035 74867 69209 97128 5604 74601 
9819 19
42238 2436 95822 24020 67391 69244 89719 74238 7682 93374 83450 62939 51889 5316 60785 61198 39433 85430 47311 
2614 10
99384 88518 40388 15457 15353 87271 25308 77377 57051 23991 
7370 17
8449 1927 62651 51133 4885 35996 55520 90693 42726 82378 40079 90353 7630 30860 71647 68464 7984 
7573 16
99184 58443 13279 88245 62107 24875 91295 49273 4037 96080 39701 81282 85017 20978 6561 80551 
6238 19
87463 98401 46892 22985 64631 39894 4634 90023 53272 19186 5427 81134 32499 10176 4008 52584 37264 81208 89598 
5474 13
95066 40414 74300 15148 92210 70249 39902 12646 67666 44315 87013 95053 1455 
4956 15
86257 75491 45603 25026 1451 33710 9956 70623 82711 82974 97563 81341 78203 22122 1226 
5904 14
18346 55994 3944 26048 15993 98536 36223 56242 32901 2367 12326 41049 93489 49262 
4115 19
91321 47783 66180 98971 11716 22834 19599 94426 86692 48115 66275 82387 27078 15517 28638 62891 44083 36733 14761 
3545 20
70207 52409 76042 62319 96911 94688 35466 90854 11624 51188 14653 67367 6648 13834 78285 21320 40498 5685 24607 25525 
1364 20
46785 61473 9703 53457 22118 67215 6637 5480 50191 16602 35016 83629 13278 36175 7442 78179 43337 18075 95115 31631 
2382 18
28433 23143 10141 6773 71765 57769 65970 48747 21701 61486 92748 77262 24298 75405 1950 15841 94258 69987 
2130 18
87897 51601 61137 33267 18476 14037 61213 42601 42588 43888 82757 14483 8298 95370 93764 7622 8319 21974 
7820 18
20170 65222 68382 147 39593 87942 66426 83153 33867 19837 84946 4413 13475 69249 83681 22328 21813 57322 
853 18
6295 91403 59277 32160 83199 56000 28523 35198 32916 89060 29122 12851 13958 57405 11000 78235 22336 26715 
8975 15
73332 92961 76019 63980 43384 76905 2706 35642 76395 84051 69346 82501 88997 39516 51053 
1753 11
47970 21367 74521 79683 27735 4775 60599 84134 82553 95794 56437 
6530 15
64176 86020 55889 28636 58870 1683 48358 36520 83630 37819 14635 94517 26431 70377 51654 
341 13
63512 98909 95969 84743 28240 46080 27689 96131 45881 43573 58919 3497 98992 
7413 15
47125 58598 20448 80953 54372 666 73724 11312 22753 68921 26746 32955 75450 76848 98496 
7545 15
36594 21481 79781 2733 63525 40571 27051 68607 44090 1189 52723 28072 3746 53416 45651 
8919 15
39556 79545 38267 72968 14750 79987 70143 78472 63051 21368 1349 47762 92903 38421 4438 
5567 10
61189 33589 2455 14236 52408 87345 8112 3668 23884 39579 
2312 16
13823 98469 91794 81542 59775 68329 28085 36522 85350 71048 13730 49408 57537 96364 94581 52696 
2047 19
31450 16869 65400 85450 16253 81296 28650 75276 7932 37522 956 5708 80520 75223 44463 19298 94556 29083 10296 
7538 12
83847 83432 95603 34644 26082 78324 93232 78021 81692 2250 64030 20825 
2404 12
64553 41180 93015 47123 88749 72483 2027 46578 51445 10716 22174 75977 
4029 16
75245 49911 22502 89260 68834 21428 72746 20169 63124 34040 79604 11290 64488 81151 97077 99034 
9568 11
69421 47208 56705 69919 5182 66241 63157 19525 81165 55813 57832 
7260 10
88076 72479 67454 44236 64404 79268 28791 37186 28277 62922 
7660 19
39052 6190 53536 11659 54191 49587 10842 15988 44412 50507 64173 23360 2448 59652 90869 48090 60074 47017 74592 
6894 14
22925 16874 42412 65995 84236 27958 1171 40502 88677 232 16371 91453 35951 86976 
4416 17
12537 15752 45290 12644 24001 89933 42419 89128 6304 41730 30739 74895 88200 24180 91576 2452 52954 
852 19
85515 5871 33037 78418 44029 50386 25458 39399 16154 33765 22734 54763 32348 611 99912 92179 5739 51262 7225 
6410 13
47931 32374 2844 93305 73835 74511 56590 86905 29219 97768 33134 13480 467 
4022 19
78996 68940 33776 29183 77807 90962 40856 92884 83225 16987 86956 26964 64145 43217 6158 8372 16473 42356 53440 
6242 14
88468 64883 57561 74140 84541 33159 87918 80266 19615 12217 3006 58076 59602 9945 
3351 11
80352 935 27238 80184 84515 17430 18637 34756 82425 67224 41045 
9377 14
60441 24430 83747 17661 91925 12616 23145 56099 8271 10203 15899 97796 25799 82729 
5113 18
40419 63919 27943 83827 9777 26368 96410 87593 26672 92685 69790 70484 14354 81601 21533 4515 10913 69974 
4138 19
7028 92204 45568 17444 74424 68663 55497 97831 57207 16048 41421 45495 34073 96595 37046 67693 59332 57000 6958 
943 15
19475 30212 73338 5683 43143 89207 80576 46855 28373 91791 92033 3654 78218 99351 43670 
7045 14
67035 70445 17983 79991 43027 15855 53886 50528 46945 40769 30104 48410 20267 64734 
9195 18
92351 39326 8936 47797 24971 53545 4103 4481 95438 7831 14672 6779 49958 18463 60758 78588 29364 46851 
5883 18
36814 68537 30065 87478 39790 85585 31854 46693 52764 4846 84184 64138 83191 7641 16870 43798 97060 5749 
8672 13
97565 28272 82615 58103 96733 36779 85697 69260 16916 44054 4750 83647 36087 
3145 17
37013 18558 96033 56520 9298 56795 67669 8138 82833 75249 1539 37118 18257 21898 92592 24891 43228 
1070 10
29068 69810 34224 60827 59081 7092 48880 30639 1264 21838 
4598 19
44195 9943 54494 6383 35966 42170 61070 72703 60502 35350 13602 69713 52061 60489 4215 88937 13807 66362 71600 
9794 13
52857 3161 91063 68199 65160 38027 94869 63149 90720 30494 99367 34550 99486 
5571 15
33466 26993 65865 73654 13218 39285 12456 32815 89448 51775 27812 65286 82035 2066 30386 
9726 16
94382 6513 65068 34124 42702 97996 12833 47767 90017 887 97216 50 54185 14611 25351 39494 
9221 19
76388 57012 19985 67088 26344 74554 24514 70487 25306 52725 29873 90500 83297 88825 86722 93774 8245 88738 84026 
6582 17
75619 75942 11085 9341 7725 89566 96211 49159 71803 28203 11429 21859 62459 19636 61703 51402 92849 
4922 14
96621 49962 98603 83201 62477 81163 80257 80026 25913 34812 55496 18904 93787 60538 
2582 18
54651 17340 28547 11168 57380 46142 84748 79169 12794 85660 72491 77293 20963 46203 35965 36193 86127 11734 
5818 19
55359 1281 66216 84011 40475 91785 98400 34960 59170 32589 35342 70993 6644 20394 14283 10087 51908 72617 63941 
7355 14
85652 87476 59912 83844 94858 17706 77129 19447 83066 82119 14013 29612 99586 39465 
1552 13
87950 17 71402 94551 67080 83033 66624 40008 55166 31214 12260 38339 3850 
4429 20
2710 57360 93142 94090 24337 30761 42363 71662 95082 8183 70702 46052 50830 64078 8306 7073 26025 53036 99623 20277 
6843 12
56620 84753 24661 75542 94514 71466 31727 26436 28445 36573 68123 29358 
4938 20
83616 81378 78429 1015 25904 68451 63177 18616 9815 79391 61107 3511 51973 84557 75362 88649 78176 68058 14537 96512 
3936 16
4954 35570 96200 71664 16881 83897 66672 81508 40688 26322 66117 49422 42402 34862 816 86271 
9818 18
11019 91995 47713 93913 40418 69700 22403 53726 76995 25891 37040 56045 38040 63453 27204 84940 60314 76990 
6142 19
96172 67154 66960 92795 4260 50789 9233 62810 58994 83565 5618 32804 93663 24029 28300 65056 34822 73522 83010 
1531 14
53855 14811 24471 154 57991 61529 92305 61164 54470 60630 84402 85106 25076 57510 
754 17
71480 6414 90544 74493 85876 87584 8288 91251 36239 6225 48297 24177 12163 74874 96284 90430 55308 
770 19
21709 38541 53233 94635 24523 21875 57673 33151 58519 61596 63742 62545 46119 82026 26948 41391 82351 20434 54580 
5823 12
88220 13532 49895 79718 24400 55451 38145 9684 56423 86849 73523 62045 
8084 18
17682 33042 50996 57512 83573 14450 33742 95404 75257 95482 79479 52687 95885 81433 64680 38695 73681 58652 
4123 14
19019 99544 66972 30794 78759 43559 54492 61604 3914 69675 45971 62484 91232 6802 
8284 15
53694 21183 68450 5822 64777 70424 41352 26031 48554 19788 58970 46145 76266 42370 27401 
7985 16
16292 89738 26172 45443 74395 53066 2 70264 92409 13931 87738 55560 16010 33118 56341 80493 
4128 16
39050 63979 41032 22338 89625 30171 61631 62376 29166 6023 12110 96394 58957 10331 3829 70340 
2953 18
16549 22626 5542 1125 33749 65556 86686 59967 52164 90514 90341 32942 39674 16562 31856 40676 26084 15777 
9394 12
26124 79072 58380 55277 41877 9281 54442 65545 79397 31374 15875 82988 
9021 16
60022 11422 92710 79065 22741 28312 14594 28584 75568 45478 2409 31230 77753 38776 82369 75777 
9270 10
69223 25227 4062 2073 96270 50487 64213 15928 39545 13351 
6717 19
81339 36096 18367 33661 74352 14982 2492 95454 41992 83653 32544 68371 87993 26392 40088 25539 52310 28162 62589 
7278 19
45108 35900 35771 50232 64332 48621 86081 52228 8948 16466 99744 46903 19675 22653 37699 68790 72239 39541 81138 
2742 18
42873 75630 83366 57366 30371 44566 85298 44405 30876 5139 35022 77880 36699 9917 84502 87701 62290 74470 
8903 19
41038 78859 97455 2106 57343 23782 18017 25647 68033 34201 36675 85260 72762 57029 99759 89694 97548 32021 27919 
3129 12
17512 30920 90576 97328 80444 48444 43185 12663 89159 1713 18267 82080 
6698 20
52944 76220 93865 48694 89391 78589 29418 14519 16542 70031 61763 48976 48503 90165 20552 78901 78305 78708 49808 57357 
6174 14
1178 54103 45119 63975 29039 99 60177 45947 86461 10758 40152 68207 37660 1802 
1557 16
3194 79620 23157 2858 5566 64895 5543 85028 49134 8127 13668 60485 657 24504 69284 23294 
382 10
25096 57816 6238 86427 34071 82098 21732 16686 18752 55478 
6559 15
99683 85010 20328 59253 77860 69005 79197 63406 54466 79134 16951 42056 32993 43420 60536 
1357 13
33667 50557 47381 78863 50157 38510 3977 26875 85894 46977 88222 67194 25679 
3026 20
33065 5173 77824 54088 6166 91727 28839 96927 2743 26360 9895 22250 34292 55319 59567 59129 77345 95553 95428 46120 
9969 15
18515 54842 37860 45751 51979 68976 11610 52544 281 21780 95854 6156 72751 99075 81322 
8759 19
16022 62324 82684 36112 8005 87562 500 99128 95389 82995 59325 61957 61649 31443 73987 49661 27489 9231 40249 
8789 16
24347 6281 68457 6747 91749 83654 41094 17282 76610 97977 13311 18094 77856 53495 16147 66495 
3721 20
48308 45706 29436 15287 88853 80779 31172 69190 13487 5071 30595 57034 96576 62372 54061 51636 3877 38258 58318 39625 
4751 19
57088 83790 59239 89530 44506 61082 66529 17386 74636 63291 75845 83106 72919 17207 42928 71915 13108 26378 41838 
2162 17
93034 31645 49668 54504 17961 42376 81610 63614 84861 54449 34879 81932 66269 35593 33165 44531 54155 
5890 13
45170 21303 87132 51014 54564 2906 38068 86418 6903 59698 74252 21789 60359 
1643 12
28773 15825 75457 3013 54202 27493 59668 19854 28340 60183 90891 5375 
7123 16
47465 76394 87999 74271 55105 47314 19489 19726 96111 92478 22177 54767 17128 57584 23095 43848 
445 16
27036 14411 24640 86612 92413 64459 24482 59344 35349 36172 32384 2014 69678 55148 18854 47090 
7534 16
6159 57846 42500 65621 62332 57589 63250 96584 47444 46911 12910 62273 70731 15974 60646 23357 
7418 19
5125 68726 68501 86859 16958 80434 2550 66654 28243 43955 75067 88909 60834 3975 74824 98480 1278 65909 2406 
5310 19
49946 63451 45286 6534 606 15813 38852 94736 39682 64901 31827 46404 83030 53672 83429 31916 76641 96402 22487 
4907 17
83339 12086 87084 62293 26838 5524 71093 91913 23535 43294 80284 977 91638 11986 78652 6778 1956 
593 13
4576 98908 20253 97468 55806 29224 55337 8236 23907 97676 24653 27216 50082 
5738 15
32332 93083 96330 15129 93635 78225 7002 93656 45973 57972 84105 79655 26072 76755 82193 
2222 18
71598 73781 6515 86356 50365 80824 96638 35595 85718 91389 56082 52052 58117 12172 50142 99039 34229 14026 
1903 11
5242 43250 672 34099 97560 10986 14954 18107 34289 72687 12984 
7375 11
31773 34200 73978 28503 39643 80429 95267 86494 30527 64063 1093 
8222 14
40631 74797 56920 89187 98195 45179 96763 82830 4986 80975 52797 63316 5394 32921 
7234 14
66075 79171 7341 88851 53352 55422 83444 27767 82673 83993 77052 90767 38974 87817 
5767 13
31307 96643 52470 67482 49950 57469 5930 83394 72635 88407 93394 49779 94611 
4419 15
7974 69748 87742 90526 6448 75666 29822 27996 76124 59494 6557 60288 23924 17409 6598 
1083 17
70607 20794 9789 98307 60037 96385 69170 31799 14170 35932 66177 43898 53850 35359 68383 56136 26572 
9993 16
36072 46906 19710 55118 14680 57703 72203 27075 44783 63913 71468 45990 49031 13809 79752 44185 
